22.10 728
23.10 734
24.10 725
25.10 726
26.10 721
27.10 734
28.10 742
29.10 741
30.10 743
31.10 738
1.11 738
2.11 741
3.11 745
4.11 741
5.11 737
6.11 727
7.11 719
8.11 718
9.11 722
10.11 723
11.11 726
12.11 729
13.11 730
14.11 736
15.11 743
16.11 747
17.11 750
18.11 749
19.11 747
20.11 743
21.11 746
22.11 746
23.11 743
24.11 739
25.11 740
26.11 737
27.11 738
28.11 746
29.11 755
30.11 757
1.12 755
2.12 750
3.12 747
4.12 749
5.12 750
6.12 749
7.12 743
8.12 742
9.12 743
10.12 747
11.12 749
12.12 748
13.12 746
14.12 746
15.12 745
16.12 741